37189950152659072
47
1369235050029392010
46
721156508456321056
47
2323861814682583056
47
1155314454226273282
47
1162034257313399810
46
5404460307651232130
47
216212433252384833
46
9223374253066960928
47
142936516067360
47
900895848409596034
46
2328404987824578576
46
1747402154051666177
45
290495924172619908
46
2306493954730229762
46
4612816488181548481
46
2382407504970645632
47
36081577878356256
45
616997548070043685
46
144115462988632065
46
281612420122626
46
9299934914233499908
46
144159462746227713
46
19792820043793
47
38353241917884432
46
9223944057851478032
46
2312627614981816480
46
180148384752077072
46
1441170040970805258
46
11408807712260114
45
198159895972299778
47
1125985945649921
46
2882374164698665218
46
6927670931754131472
46
2305843593330296834
47
666533844364197936
46
2251812841259026
47
2199025373188
46
76597065400975426
46
1228444759832527489
44
140749299909154
47
2486551082428276800
46
145595200541032480
46
5785177736926728208
46
1736146461042671812
46
281544233238596
46
2882340081371464098
45
4611703687931777161
47
9223565602978267712
49
1729532891077020680
47
74913034325327937
47
36670911812222992
46
150652019802920
46
53326314471972
47
27040289462174722
47
1729383511040852033
47
2306974681592246273
45
1152996290993381405
44
316659619368967
46
18762028384387
46
1875754269932585985
45
1227372772033036321
45
35665416815617
45
289501413741461921
46
Bishop
738666763805329409
-221423808
2310347366907019521
30906
1153203015293865986
-215577936
201863462957
30906
132740259250222
13
132740259250221
0
140729746011984
-215575840
132740259250222
30906
193273528366
1550694429
140729746012032
3342
193273528365
6
132740259250221
0
140729746012096
0
132740259250222
0
132740259250222
0
197568495662
0
193273528365
0
132740259250222
0
0
0
132744338480576
0
132744338422128
848114216
132744332926432
32766
132744338418536
576
140729746011984
832
140729746011968
1
4294967295
0
0
0
140729746011976
0
140729746012048
0
132744338423216
0
140729746011976
832
132744338423216
832
132744332808208
832
0
832
132744338642560
832
132744338419712
832
140729746011984
832
132744338464006
832
132744332841560
832
132744338590339
832
132744338416752
832
110527148
832
132744332838060
832
132744338464202
832
132744338590325
832
676612539173306368
832
0
832
132744333404728
832
1
832
355539332834437632
832
1
832
132744334229554
832
8388608
0
132744333379794
0
12884901888
-1253660160
355539332834437632
82780451
14355333217809
0
132744338546257
0
0
-215820544
256
30906
0
847591752
1
32766
132744338595328
-219441728
132744338643160
30906
