1152939097339733412
48
1155173313146930948
47
721156508456321056
47
7881728844693576
48
1155314454226273282
47
1162034257313399810
46
5404460307651232130
47
216212433252384833
46
9259983577183962128
49
72058161135091728
47
900895848409596034
46
2328404987824578576
48
1747402154051666177
46
2667399921384161329
46
4513082931953666
46
288072586625041
48
2458968164650778778
47
1297617235367429824
46
1688867309627394
46
56295004000227344
47
76421010227849236
46
9299934914233499908
46
13983723048545553410
47
18014742107652229
47
180214353856962696
49
144119586325823489
47
2312627614981816480
46
1126176395493377
46
1441170040970805258
46
72642538520994306
46
198159895972299778
47
2305887024055325185
48
2594078693950244992
47
6927670931754131472
46
1585268718236155905
47
666533844364197936
46
2251812841259026
47
1352320141890945028
47
1157425314688762417
47
6917811258666406913
46
1335321760844742784
48
72418783684198720
47
9360281268388040
46
72066390133112848
47
1736146461042671812
46
4647729110171255812
47
2882340081371464098
46
4611703687931777161
47
9223565602978267712
49
1729532891077020680
47
2314894481009180960
47
1441152504065798210
47
9260528417409860300
47
53326314471972
47
27040289462174722
47
12139880520417825
48
2314867804966879363
47
5476536580364177985
47
1556915444449345
47
9043496027587089
47
589991499430104069
47
4611757233892493449
47
154389325441665027
47
4901046031392704582
48
Bishop
13513411300179969
54
704808461796608
55
22527069276116992
56
4635334316665346186
55
37295589068636201
55
18049720324989186
55
10448632889718345216
57
2459009656184383872
55
9517795206113591330
55
5246765035014881281
52
576478490518425605
53
10403315968157156354
52
9259405233130504724
53
36170090774827008
52
9156750016528385
54
5194163586188968321
55
4755946480015016481
56
3463628779602067458
53
616997548070043685
50
4773816728180245120
50
76614107721138176
51
73194489094636048
50
4629702134991556624
52
4538796892753184
55
45037095919830020
56
578716950467709569
52
9543163894297002146
50
4504974285621249
45
4613946751777243302
47
4630831820980617280
49
4508005190599682
52
594620296013549636
55
2252075229513345
55
72139859841548874
52
9227875705345032196
49
361414146052718625
47
153689872838689665
45
9944514226259952656
49
657666317473678222
53
2392555555717128
54
648558220826248193
54
144120565647803393
54
73218766636318786
49
37849465037
50
9511613687295901718
49
63050412064319521
49
5199691711745359890
52
10741235268238443524
54
5631704465145870
55
2379591660726386690
53
325386723435614216
53
2323857442108121158
54
73184594531270786
53
288248122961822209
52
288864383193333793
52
12139880520417825
54
18296501627257344
55
288266660574683138
56
9822632846924460032
55
5188167114112371728
55
581246703097741440
56
864708860312564224
56
12415686110806272
55
4901046031392704582
55
